TAMANHO:10
ALVO_MELHOR:150
VETOR_MELHOR:150,73,71,71,74,3,5,1,10,10,
ALVO_MEDIO:189
VETOR_MEDIO:81,21,66,39,5,36,46,25,21,23,
ALVO_PIOR:537
VETOR_PIOR:86,44,24,64,10,12,48,82,98,68,
---
TAMANHO:20
ALVO_MELHOR:150
VETOR_MELHOR:150,83,93,67,12,98,84,3,78,61,13,35,13,96,61,73,26,77,73,70,
ALVO_MEDIO:289
VETOR_MEDIO:13,15,72,84,9,96,4,31,33,9,86,12,26,97,12,91,10,72,62,20,
ALVO_PIOR:915
VETOR_PIOR:100,6,18,18,70,42,54,100,14,12,22,84,30,32,20,36,40,94,36,86,
---
TAMANHO:30
ALVO_MELHOR:150
VETOR_MELHOR:150,50,74,35,79,37,14,55,34,2,75,86,10,79,65,15,88,17,76,44,28,41,61,18,62,68,5,33,72,24,
ALVO_MEDIO:590
VETOR_MEDIO:74,27,80,16,96,59,76,65,58,83,81,62,44,99,71,4,60,10,93,39,100,67,25,5,85,8,31,48,82,62,
ALVO_PIOR:1557
VETOR_PIOR:42,40,84,52,20,22,92,80,16,98,48,88,56,100,20,2,70,52,42,14,20,62,78,18,80,26,92,14,30,98,
---
